35206553
35206553
260022048
31431298
42016827
1223134141
55783605
1504011
20811622
258812406
16440882
17511846
90617595
10432662
326255267
25096930
290812583
53565454
481324580
27631636
35432643
14588748
192684631
14275478
85631221
316635242
37406217
15906950
52852957
18994661
17698956
1330457336
17290054
17576917
179308706
20551303
17471979
6678852
13205612
22206117
161310009
374148540
203669710
106384372
23055689
269884540
276345561
142233896
2191112473
29045876
339703419
246350076
53043664
12266442
321304885
187512368
1613008987